92.01,105.17
92.05,105.20
91.95,104.33
91.96,104.84
91.99,104.98
91.95,104.70
92.01,104.78
91.98,104.88
91.89,104.10
91.98,104.90
91.83,103.86
92.04,105.29
91.99,104.96
91.89,104.14
91.97,104.49
92.11,105.69
91.99,104.75
91.92,104.38
92.01,105.21
91.95,104.73
91.92,104.25
91.93,104.45
91.91,104.20
91.96,104.64
91.91,104.31
91.97,104.80
91.97,104.62
92.00,104.90
91.96,104.60
91.94,104.48
92.00,104.86
91.96,104.57
91.86,103.89
91.91,104.07
91.90,104.26
92.00,105.07
92.04,105.10
92.02,105.01
91.97,104.70
91.97,104.88
91.97,104.81
91.83,103.71
91.84,103.69
92.05,105.35
91.99,104.88
91.95,104.59
91.85,103.91
91.91,104.54
91.95,103.99
91.99,104.63
91.84,103.96
92.00,104.90
92.12,105.79
92.08,105.67
91.95,104.55
91.94,104.50
91.94,104.47
96.21,155.66
91.79,106.79
92.07,103.65
92.61,111.74
90.52,94.35
91.93,103.46
91.36,102.42
92.76,115.19
89.92,90.90
91.01,97.70
91.74,104.19
93.34,116.95
96.73,130.56
96.25,136.65
96.56,141.06
96.72,138.19
102.64,168.69
112.64,177.05
122.03,178.72
129.36,-108.04
136.49,-163.81
146.75,-172.72
154.83,-174.20
159.78,-174.13
166.75,-175.10
168.30,-173.90
171.28,-175.36
173.98,-174.82
173.99,-174.66
170.95,-175.08
173.76,-176.66
172.66,-175.49
170.77,-175.26
174.43,-174.81
176.80,-174.91
177.23,-175.53
177.91,-175.58
177.83,-173.71
178.67,-175.24
178.58,-175.75
178.62,-175.77
178.31,-175.94
179.38,-177.13
178.94,-177.34
178.93,-177.45
179.18,-177.59
179.57,-177.48
179.25,-177.35
179.83,-177.55
179.88,-177.71
179.73,-177.73
179.50,-177.16
179.51,-176.97
179.63,-177.76
179.10,-178.97
178.89,-178.10
179.13,-177.97
179.02,-178.18
179.00,-178.29
178.97,-178.22
179.13,-178.33
179.41,-178.26
179.55,-178.36
179.70,-178.37
179.56,-178.37
179.60,-178.39
179.71,-178.35
179.63,-178.33
179.48,-178.29
179.48,-178.18
179.63,-178.38
179.56,-178.31
179.64,-178.23
179.84,-178.34
179.66,-178.19
179.74,-178.35
179.80,-178.27
179.83,-178.25
179.68,-178.28
179.69,-178.39
179.85,-178.21
179.83,-178.42
179.83,-178.28
179.96,-178.39
179.81,-178.42
179.78,-178.48
179.84,-178.41
179.92,-178.40
179.81,-178.55
179.79,-178.50
179.79,-178.43
179.75,-178.48
-107.93,-178.54
121.98,-178.64
167.50,-178.76
176.46,-178.96
178.80,-178.99
178.71,-178.85
179.01,-178.81
179.22,-178.78
179.28,-178.76
179.10,-178.72
179.27,-178.72
179.39,-178.79
179.22,-178.88
179.49,-178.86
179.64,-178.74
179.67,-178.61
179.75,-178.72
179.77,-178.49
179.72,-178.41
179.51,-178.32
179.60,-178.51
179.78,-178.30
179.80,-178.38
179.41,-178.41
179.40,-178.54
179.36,-178.36
179.53,-178.42
179.70,-178.45
179.53,-178.36
179.44,-178.24
179.35,-178.09
179.34,-178.01
179.33,-178.08
179.64,-177.99
179.59,-177.89
179.65,-177.75
179.63,-177.82
179.54,-177.96
179.53,-177.97
179.42,-177.88
179.33,-177.90
179.58,-177.87
179.75,-177.88
179.68,-177.92
-108.00,-177.81
122.01,-177.79
168.10,-177.88
177.21,-177.93
179.17,-177.95
179.56,-177.97
179.52,-177.90
179.70,-177.94
179.59,-177.73
179.63,-177.85
179.48,-177.87
178.56,-177.61
179.47,-177.78
179.50,-178.00
179.45,-177.94
179.57,-177.98
179.67,-177.93
179.36,-177.86
179.63,-178.29
178.73,-177.96
178.79,-177.95
178.94,-178.10
176.35,-176.83
174.73,-177.61
168.77,-176.05
164.64,-174.56
157.27,-173.11
147.69,-170.57
134.51,-166.16
120.80,-155.00
113.63,-149.89
104.25,-137.84
99.83,-127.44
135.65,-149.99
120.27,-155.90
116.37,-166.57
116.43,-172.67
113.02,-174.91
111.58,103.29
122.68,152.72
112.15,-101.80
107.59,-152.85
99.95,-146.40
97.90,-161.38
96.47,110.21
91.96,-85.96
81.78,-6.83
73.10,-0.09
70.23,3.27
67.66,-0.70
69.31,2.94
74.79,-11.73
86.76,-71.89
73.71,-9.61
77.86,-24.27
84.80,-55.66
87.46,-72.92
79.53,-37.96
72.95,-29.71
64.88,-15.19
60.09,-16.86
56.71,-18.05
59.76,-15.63
66.29,-25.64
72.95,-24.61
78.10,-34.37
81.36,-47.70
73.07,-24.20
70.68,-20.96
62.56,-15.43
56.50,-16.17
50.86,-21.47
60.40,-14.88
63.74,-23.18
62.63,-22.06
64.16,-21.80
63.72,-21.98
60.13,-23.92
57.37,-13.12
61.85,-15.42
61.26,-2.98
52.66,-4.96
39.79,-7.33
36.34,-9.91
42.33,-27.22
44.05,-26.03
61.41,-14.88
81.55,-54.08
87.00,50.68
105.37,-129.94
109.18,-168.39
120.52,-171.07
123.37,-173.73
122.61,104.93
117.36,159.27
128.59,-110.16
117.63,115.19
120.48,157.27
115.77,-102.83
111.22,-149.40
109.92,89.85
104.82,148.20
100.61,156.99
96.81,-105.10
97.72,-145.02
94.13,-172.72
90.49,-103.86
93.55,-161.67
96.75,78.75
91.70,-60.82
78.43,-25.75
71.33,-4.04
55.68,-6.75
33.92,-1.56
19.47,-2.58
7.38,-4.90
0.57,-3.72
-1.88,-1.56
1.84,-0.86
-6.03,6.08
8.27,-4.08
5.51,-1.19
6.63,-2.51
7.14,0.40
9.31,1.40
7.72,-0.64
3.43,0.20
-0.74,1.84
-3.17,-2.06
-3.11,-0.79
3.26,-2.40
5.51,-1.79
4.42,-3.30
1.38,-2.49
1.71,-0.30
1.29,-1.27
0.94,-3.56
-11.76,-5.41
-4.79,-4.64
-1.18,-4.65
2.81,-6.10
2.08,-5.30
4.87,-4.69
1.98,-4.13
3.76,-4.72
1.40,-5.54
-1.65,-8.48
0.96,-12.08
-0.68,-13.00
2.01,-13.82
9.68,-13.68
28.16,-16.89
30.46,-15.89
33.47,-15.96
36.17,-15.87
36.75,-15.52
37.28,-15.72
41.08,-15.88
47.72,-15.96
53.96,-16.44
58.52,-16.08
61.53,-17.59
65.70,-20.56
67.59,-23.22
69.76,-24.35
72.27,-26.24
74.21,-26.25
75.36,-25.94
77.60,-27.20
81.01,-36.78
84.51,-51.01
88.44,-77.20
91.08,-104.71
92.39,-119.11
92.61,-118.92
93.14,-127.01
93.25,-127.76
94.21,-137.24
94.24,-135.22
94.38,-138.61
94.68,-141.70
94.71,-142.70
94.87,-147.31
94.78,-143.39
94.09,-134.49
94.54,-138.15
94.75,-144.20
94.63,-143.72
95.17,-146.49
94.77,-143.02
95.13,-147.50
94.92,-146.55
94.98,-145.32
94.79,-143.50
94.30,-139.88
94.44,-142.77
94.44,-141.91
94.36,-141.72
93.99,-138.85
92.74,-121.36
90.62,-96.90
89.82,-88.51
90.05,-90.56
90.62,-96.15
90.35,-93.50
90.68,-97.36
90.44,-94.54
90.54,-95.78
91.37,-106.79
91.98,-115.14
92.56,-121.89
93.02,-129.71
93.22,-130.61
92.90,-126.73
92.42,-120.57
91.96,-114.08
91.30,-105.14
90.95,-100.51
90.73,-98.27
90.46,-94.99
90.46,-94.88
90.19,-92.07
90.47,-95.21
90.88,-100.19
90.91,-100.73
91.31,-106.48
91.82,-113.11
92.69,-126.09
92.99,-129.59
93.33,-135.34
93.59,-140.24
94.28,-148.48
94.29,-147.61
94.43,-150.14
94.34,-148.48
94.51,-150.72
94.30,-147.27
94.33,-147.58
94.28,-149.71
93.85,-149.75
92.93,-138.71
92.57,-127.35
92.46,-122.88
92.35,-121.59
92.01,-117.02
91.11,-104.14
91.21,-106.88
91.03,-104.02
91.02,-104.92
91.07,-105.14
90.78,-100.83
91.08,-105.66
91.08,-105.94
89.41,-80.68
85.93,-49.78
80.24,-26.04
72.39,-16.11
62.49,-10.40
55.49,-9.02
42.36,-7.51
32.69,-8.79
31.61,-9.24
19.43,-10.35
14.72,-9.96
8.27,-10.39
5.31,-10.60
0.07,-9.94
-2.32,-9.56
-1.53,-9.81
-1.44,-9.10
0.80,-9.68
-0.29,-10.30
0.09,-10.43
1.13,-10.39
1.94,-10.39
1.33,-10.56
0.23,-10.88
-1.29,-10.84
-1.38,-9.98
-2.85,-8.83
0.66,-8.75
2.13,-9.08
2.68,-9.09
-1.06,-9.74
-1.15,-8.12
0.02,-8.87
-3.09,-7.99
-1.02,-8.70
-2.02,-9.37
-1.66,-9.26
-2.39,-9.28
-2.38,-9.41
-2.23,-9.52
-2.44,-9.25
-1.83,-9.43
-1.48,-9.52
-1.57,-9.67
-1.76,-9.42
-1.65,-9.52
-1.29,-9.53
-1.54,-9.48
-1.63,-9.39
-1.69,-9.54
-1.60,-9.66
-1.34,-9.39
-1.77,-9.67
-1.90,-9.61
-1.58,-9.60
-1.60,-9.48
-1.83,-9.58
-1.81,-9.66
-1.80,-9.56
-1.72,-9.66
-1.47,-10.14
-1.24,-9.06
-0.20,-9.38
-1.35,-9.81
-1.44,-9.97
-3.67,-10.56
-10.42,-8.96
-3.75,-8.59
-3.00,-10.04
1.45,-9.25
0.29,-9.20
1.68,-9.92
3.18,-9.23
5.69,-8.55
2.88,-10.18
2.10,-10.23
0.28,-10.90
-1.93,-10.98
-3.73,-9.97
-5.24,-9.83
-5.02,-9.14
-5.62,-8.86
-6.62,-9.90
-7.49,-9.56
-4.60,-8.63
-3.54,-10.27
-7.45,-11.14
-10.88,-12.09
-12.33,-12.92
-12.77,-14.04
-6.25,-7.80
7.31,-7.25
3.81,-7.93
1.50,-9.85
-1.40,-8.63
0.61,-8.75
1.79,-11.56
-2.61,-11.17
4.24,-14.88
3.79,-13.88
0.60,-11.93
-1.22,-12.55
-1.84,-11.67
-0.01,-12.82
5.56,-12.82
10.17,-12.75
18.26,-13.53
24.88,-13.48
30.18,-14.60
41.68,-14.75
51.73,-17.12
56.18,-18.51
61.89,-21.45
69.89,-25.78
77.25,-34.83
81.90,-47.76
85.15,-61.65
84.79,-60.31
84.93,-60.59
84.64,-59.90
83.95,-56.58
84.05,-56.57
83.84,-55.81
84.31,-57.99
84.13,-56.90
84.22,-58.22
84.68,-59.91
84.11,-58.03
84.37,-59.31
84.47,-59.61
84.63,-60.11
84.31,-58.57
82.18,-50.81
76.41,-37.26
68.12,-24.59
59.85,-19.67
47.22,-15.33
31.44,-9.11
10.75,-8.67
5.11,-7.10
-1.16,-6.34
-4.03,-6.60
-2.38,-6.54
-1.60,-6.97
-0.77,-7.74
1.23,-8.10
-1.50,-9.48
-2.08,-8.82
-1.46,-8.60
3.87,-6.17
3.97,-2.97
8.39,2.91
10.51,4.69
10.32,9.72
12.18,17.98
9.66,23.25
3.93,27.15
5.32,31.75
11.30,31.92
12.91,37.01
4.81,38.91
7.96,42.63
6.74,43.60
10.33,44.61
15.94,48.27
18.60,49.21
17.55,48.59
17.02,48.72
17.33,48.41
17.95,48.03
18.64,47.97
16.96,45.72
17.60,42.36
20.23,37.26
16.13,31.02
18.39,22.87
21.02,13.27
16.51,7.50
15.73,2.70
17.09,-1.18
11.37,-11.66
13.69,-17.74
13.98,-26.00
14.07,-36.52
11.17,-47.55
10.35,-55.77
12.17,-60.77
9.45,-64.40
6.92,-68.26
10.12,-70.62
13.09,-72.03
10.59,-74.96
17.06,-76.13
24.14,-79.15
30.50,-81.80
44.66,-84.83
79.52,-88.84
105.76,-91.70
123.90,-94.08
119.51,-93.27
126.40,-94.28
126.58,-94.68
130.38,-95.22
130.17,-95.33
129.26,-95.00
128.52,-94.26
138.94,-94.97
139.72,-94.65
114.88,-92.15
130.91,-93.49
-63.81,-92.61
-99.65,-92.87
-106.22,-93.70
-110.82,-94.47
-112.48,-94.84
-110.51,-94.93
-109.55,-93.93
-109.40,-94.42
-108.57,-94.42
-99.62,-91.84
-83.17,-89.80
1.18,-86.54
37.64,-82.74
57.65,-80.28
68.21,-78.47
73.59,-78.47
82.64,-83.54
87.15,-86.62
86.57,-85.54
85.45,-83.74
81.42,-80.13
82.90,-76.88
77.90,-61.67
81.17,-66.64
80.82,-61.63
89.97,-90.91
92.13,-98.71
87.94,-51.87
90.60,-105.23
90.90,-111.95
91.34,-118.66
91.32,-117.68
91.40,-119.33
91.45,-121.25
91.64,-123.70
91.44,-119.11
91.40,-118.51
91.40,-117.99
91.35,-118.77
91.29,-117.56
91.20,-116.60
91.31,-119.12
91.23,-117.32
91.48,-118.89
91.71,-120.65
91.62,-119.93
91.12,-113.22
91.38,-119.09
91.13,-115.93
91.15,-117.80
91.27,-118.18
91.38,-120.28
91.39,-120.55
91.43,-120.46
91.30,-118.15
91.45,-120.05
91.27,-116.79
91.49,-121.83
91.52,-122.08
91.51,-121.75
91.39,-120.19
91.30,-119.48
91.15,-114.64
91.27,-117.80
91.23,-117.14
91.39,-121.21
91.23,-116.93
91.25,-119.16
91.35,-119.98
91.41,-120.38
91.31,-117.48
